7881.576556009955 0.1698668968387422 39.389873685926354 1.1834601600949117 3491.11038332289 1353.9910903238845 0.3457359991791482 
7153.409758905712 0.15781864210579524 40.58993233226328 1.1270210935098923 3263.967406733316 1363.969321120417 0.3482252903703869 
7913.627690575033 0.15881687856961305 41.35525101944831 1.1599680724546095 3484.9627794452695 1366.9790994264026 0.3447870551697275 
6994.162938025568 0.14081832180780046 44.57307521215878 1.156933541024036 3241.356479236019 1316.8755088383964 0.3473644868860821 
6994.162938025568 0.14081842938134626 44.57307521215878 1.1563759466448937 3240.889145776373 1317.7779948466862 0.3477146737231882 
7006.579127241442 0.1400995894010044 44.741245736065366 1.1212828321892045 3230.879152545012 1348.2136634218994 0.34773499939916364 
6818.041497220267 0.15935491112409442 44.554639045076904 1.1600146490751002 3486.691246878078 1316.8755088383964 0.3490108338879337 
7005.421420987795 0.15766555726356188 40.58993233226328 1.1270210935098923 3241.821895867466 1363.969321120417 0.3482484107001347 
6997.258658026168 0.14113229803933966 44.56876181821698 0.9718183139941609 3096.1588869245993 1550.6024001910505 0.318099489685423 
7007.483425556552 0.13733254931292865 43.46020834737288 0.94785546512489 3059.974986701817 1356.2680049882215 0.31476995946011144 
7007.821675534128 0.14081051135703612 44.49848979984258 1.1212828321892045 3230.879152545012 1340.9324146653726 0.34773499939916364 
7005.421420987795 0.15914185146694693 40.59834550067393 1.13263499403938 3377.00003946652 1363.781416161051 0.3462821580458869 
7038.465984490205 0.15782107362445108 44.16435656847481 1.1394355364500794 3265.7995982715715 1338.307686539395 0.34818798621911606 
7007.821675534128 0.1408104037834903 38.02766445038636 1.121840426568344 3231.346486004658 1340.0299286570828 0.34738481256205755 
7007.948243091651 0.15789352140555143 44.49848979984258 1.1386792544049984 3266.5546511200987 1340.9324146653726 0.3477400769588998 
6795.516057276082 0.15935491112409442 44.554639045076904 1.1600862921486501 3270.505553015499 1316.8755088383964 0.3490108338879337 
7007.948243091651 0.15939669929139302 38.42959951357029 1.1386792544049984 3266.5546511200987 1317.2825954276966 0.34897654427917646 
7152.436919678527 0.14356414681767463 44.618424645848144 1.1270210935098923 3263.967406733316 1363.969321120417 0.3489204001223877 
6998.089854700001 0.143871610012688 44.184892466140425 0.9718183139941609 3058.823745468248 1561.3245696822514 0.318099489685423 
6998.383290356404 0.143871610012688 44.16810113603974 0.9718183139941609 3058.823745468248 1561.122366408932 0.31447483640484303 
6994.162938025568 0.15958197003238694 44.161930315095425 1.1392447029399588 3328.4001499322385 1322.0825411685048 0.34771507800539425 
6996.866317430842 0.14113229803933966 44.56876181821698 0.9838495372409223 3113.3942436918455 1550.6024001910505 0.31304345962744723 
6993.954907628776 0.143871610012688 44.16810113603974 0.971182800979864 3084.951190214215 1550.4065716205002 0.3145286411817244 
6997.630971205653 0.1444733268714662 44.21036461282847 0.9718183139941609 3096.6542856040714 1550.6024001910505 0.318099489685423 
6994.441497323315 0.15958197003238694 40.605873302401356 1.1388560513985908 3327.4987932394138 1322.4751758644122 0.34846333210229824 
6997.63472937515 0.143871610012688 44.16810113603974 0.9718183139941609 3058.1597724027465 1550.568032911401 0.31447483640484303 
