7232.119004905326 0.1409127306838864 44.25825604762601 1.1230133800228106 3277.6095235699186 1555.3818443393675 0.32466541967088297 
7665.032811910566 0.1528834657939087 44.617899162623665 1.0994252962348188 3291.655038970303 1426.4338314910765 0.3471661763692852 
7408.608355437376 0.15323255307028344 43.874846450434596 1.0999036488755718 3112.3761654543587 1391.5927293151726 0.32505257292868467 
7788.3513150068575 0.13933133421076377 44.07146777044466 1.1223875577648614 3340.8781821371676 1380.4236765708204 0.3303441680155089 
7198.866616883575 0.15971537552499013 43.980955048218476 1.1102529999703847 3277.4501208682113 1309.9478392636634 0.33306157374584555 
7574.967518791925 0.1385994275219269 44.05143630246259 1.1416127415010204 3230.5230582574854 1298.382940485892 0.3471669999598897 
7229.319959916122 0.1523156329028476 44.09896828842695 1.1230199029802281 3279.749558815718 1355.433056195088 0.32353105163566953 
7860.62727728635 0.15935419946194196 40.09899013077123 1.109686846055444 3306.8320317069392 1366.7679094774874 0.3261784985633133 
7862.151783413307 0.15935349977424634 43.980955048218476 1.1416127415010204 3277.974860637142 1310.009512311885 0.33306157374584555 
7408.608355437376 0.1407749997656934 43.874846450434596 1.0986501047797796 3036.5417223369905 1391.5927293151726 0.32505257292868467 
7737.014759331378 0.1593534814614573 38.53627462679294 1.1416127415010204 3254.985750824303 1320.2732470801282 0.3340106717768588 
7374.75060078831 0.1368945582568897 44.10214187603881 1.1096157159210196 3226.712164303852 1390.5811202088776 0.32621773581783675 
7568.2690703181315 0.1386478103876837 44.055144135748364 1.0740027779611931 3287.657396731504 1378.6901697600874 0.3245957622435683 
7795.216865461823 0.15935530481513194 39.77624742527011 1.1189801402207513 3258.6009474668167 1355.2668810690686 0.3463499018928629 
7515.052891029505 0.14093187798721848 44.26211665671565 1.1219155245719712 3253.4984092881477 1309.3623748342823 0.32466541967088297 
7572.03490746733 0.1408662764205299 43.957814955781245 1.1205528542380399 3257.649461991813 1328.3617287993811 0.3252093944122645 
7665.032811910566 0.15287414836055055 44.1184386128051 1.0994252962348188 3291.655038970303 1426.4338314910765 0.3471661763692852 
7408.205483497583 0.15323255307028344 43.96799869309484 1.0997015633945162 3258.364568526488 1393.2993110767302 0.3381740009474409 
7186.753782045202 0.15143793023988514 39.24634899019578 1.099500458658006 3339.9517562973633 1375.7947078350235 0.3480657223614332 
7197.854143685387 0.15161025596936586 39.25055411560464 1.1189801402207513 3340.1562408392297 1355.2668810690686 0.3479833727349524 
7486.148363650353 0.1368945582568897 44.102134571525994 1.1096222321594522 3226.712164303852 1364.8035932811847 0.32621773581783675 
7289.174470209644 0.14078817678650726 44.11146128155984 1.1208791485657659 3285.2338705481957 1378.2236774829241 0.3252172467376915 
7134.9550791350375 0.1410203257602844 44.212826065889416 1.0243897990030197 3037.013713508079 1638.9726357870015 0.33056156166982664 
7513.859536709011 0.15323255307028344 44.261676438282 1.1069952645158638 3121.9499518879397 1391.5675512844653 0.3306898441771895 
7408.205483497583 0.15323255307028344 44.27936904842808 1.0997015633945162 3279.062227247865 1391.5927293151726 0.3305752497689309 
7665.032811910566 0.13823309479908846 44.05075741233421 1.0994252962348188 3234.6993346788977 1417.6281682585457 0.3471661753371561 
7567.529681736573 0.14093187798721848 44.04992434702525 1.0737634028204375 3119.2351366682406 1570.928740541791 0.34735231155853963 
7189.085487185901 0.13830984143686792 43.874846450434596 1.0281972744666648 3036.5417223369905 1610.5252031296654 0.32505257292868467 
7493.7682583480055 0.13712016347786116 44.26211665671565 1.0372839765443895 3117.13222217041 1539.162242718524 0.32466541967088297 
7185.504626885854 0.1410203257602844 43.2368128987868 1.0278437281372443 3037.013713508079 1602.0950369653783 0.33056156166982664 
