0.05231 4.54115 7 
0.06639 -1.01004 7 
0.08 -0.20694 3 
0.17857 -3.94699 7 
0.09 -2.60398 7 
0.053 4.72717 5 
0.17765 -3.06932 3 
0.09 -1.32385 3 
0.15372 -2.10958 3 
0.0739 -1.94725 5 
0.16121 -2.68936 6 
0.099 -2.65394 5 
0.17789 -3.2319 5 
0.18064 4.59483 2 
0.01485 5.06929 2 
0.079 -1.96227 4 
0.16159 -2.42254 4 
0.03712 5.04646 3 
0.06872 -0.75922 5 
0.07173 -1.18546 5 
0.17857 -3.6788 6 
0.1741 -3.29684 6 
0.21364 -4.15966 5 
0.18571 -3.78508 5 
0.17757 -2.87749 4 
0.19286 -3.58146 4 
0.18571 -3.2296 4 
0.05026 4.81083 4 
0.0666 4.50767 4 
0.077 4.56311 3 
