0.21429 -4.55178 7 
0.12857 -3.19646 7 
0.16165 -3.85417 7 
0.157 -3.49043 4 
0.156 -2.88876 4 
0.13018 -2.48555 5 
0.16223 -4.08528 6 
0.12857 -2.78964 6 
0.03205 5.45507 3 
0.12499 -2.02477 4 
0.13488 -2.30141 4 
0.13571 -3.07183 6 
0.139 -3.33047 6 
0.13573 -2.81785 5 
0.139 -3.0333 5 
0.16 -3.76928 6 
0.15014 -3.56418 6 
0.127 -2.45597 7 
0.02857 5.09694 5 
0.03385 -2.13894 5 
0.14704 -3.45649 5 
0.0378 -0.73485 3 
0.03077 5.29178 4 
0.03222 5.14977 4 
0.14679 -3.51328 6 
0.03385 -1.64604 4 
