0.123 4.8645 3 
0.099 -1.9818 7 
0.1022 -1.74418 5 
0.122 -2.24457 5 
0.15487 -3.8051 6 
0.16233 -3.2762 5 
0.12553 -2.80934 5 
0.13571 -2.87475 6 
0.15483 -3.32177 6 
0.1022 4.62138 4 
0.14821 -3.7268 7 
0.11 -0.81457 4 
0.11052 -1.15247 4 
0.13571 -3.38145 7 
0.15525 -2.69499 4 
0.14299 -2.39706 4 
0.099 -1.45309 6 
0.1011 -1.74179 6 
0.11332 -2.78749 7 
0.12563 -3.07227 7 
0.11948 -1.71859 4 
0.121 -1.99115 4 
0.0574 5.01811 5 
0.107 -2.37631 6 
0.1022 -2.12758 6 
0.099 4.51378 5 
0.08108 4.75614 5 
0.03905 5.09857 4 
0.07054 4.9839 4 
0.03361 5.12674 6 
