6903.4866862195195 0.13870713429382742 43.73412319774026 0.9901380800028006 2920.734746668572 1551.7893993495088 0.3121150420929688 
7176.063996875661 0.13683114449240674 43.69891257162172 1.001801471420421 2920.5238124190123 1499.460616031461 0.32512591744386105 
7176.063996875661 0.1396575094632325 43.69891257162172 1.006385084673639 2920.5898920792924 1508.505475211945 0.33198750208359223 
6193.964542661941 0.13901971000753768 43.73156618059784 1.101438437588296 3214.78204829344 1329.0901918685283 0.3370599878153389 
6523.975753291359 0.13870713429382742 43.73382328595863 0.990138968491042 2920.7211349738577 1543.8593600194804 0.3121149124775003 
6385.334529932992 0.15842276087082116 38.973097595079096 1.114797377235667 3170.1883007836336 1307.6241044778149 0.34013284456243825 
6708.367647486833 0.13965215465233005 43.73786064634048 0.9870445091454978 2928.5859792945826 1494.6515411615096 0.31214366414920425 
6525.980034741101 0.13965215465233005 43.720728855064436 0.990138968491042 2921.2248940395907 1494.6515411615096 0.3122315109087358 
6228.760029480859 0.15806324718356135 43.76163992724558 1.1220958662595588 3083.959531940398 1342.7187717129057 0.3319403187072385 
6385.334529932992 0.15842276087082116 38.973097595079096 1.1144380472029392 3170.1883007836336 1353.5419070199944 0.34013284456243825 
6242.557927387262 0.15855707016154347 37.93457307463513 1.1244344638781283 3112.332411137548 1324.4055071816767 0.33709013710917446 
6297.04631256665 0.15855696150445783 32.819610898459544 1.1697307052286496 3155.5667236590343 1279.7027979660725 0.3369273104971135 
6228.760029480859 0.15806324718356135 43.76163992724558 1.1220958662595588 3083.959531940398 1305.6188662738707 0.3319403187072385 
6193.964542661941 0.1585512590576219 43.73156618059784 1.101438437588296 3083.9440280419453 1329.0901918685283 0.3370599878153389 
6267.386536144708 0.15855696150445783 32.330637161253755 1.1835714630661809 3147.6766746056574 1279.7027979660725 0.3369273104971135 
6814.620934737568 0.16158288295179712 30.79646725504812 1.1927621221285056 3112.422000390061 1284.7350284123063 0.3315171156092527 
6774.133092153773 0.15854954569539412 31.81286192073254 1.1880266979047178 3112.422000390061 1284.7350284123063 0.3315171156092527 
6774.133092153773 0.15910690895688614 31.81286192073254 1.184833161518971 3183.368394679609 1284.5167389963524 0.32532773708653645 
7239.596893977398 0.1583282142768739 43.507530051683496 1.1689464362307775 3112.422000390061 1308.3531498119366 0.3414968029061409 
6523.54156077692 0.13964233335550083 43.76226850383271 0.9908787542828732 3219.8363704976623 1322.4728882958304 0.31214355282482564 
6221.913267564517 0.13964233335550083 43.76226850383271 0.9951823899472947 3219.8363704976623 1322.8783603465379 0.31214355282482564 
6200.117669917012 0.13982193197479295 43.70078271314833 1.1559500216971292 3088.0871733773374 1303.480842606649 0.33158508661302893 
6070.446030800045 0.13982193197479295 43.70078271314833 1.1634253033052746 3088.0871733773374 1303.480842606649 0.33158508661302893 
6774.133092153773 0.15910605992306756 31.402761845354597 1.0122321279467315 3307.317348599745 1262.7835453924865 0.32507471771884977 
6138.766771200612 0.13968511380722345 43.54729877954122 1.167821014485697 3079.8993069657354 1267.1644990247128 0.3320896671627653 
6827.071028217193 0.16158288295179712 38.14745511170417 1.1485894007466295 3123.996873743121 1312.6630266769653 0.3315654969425796 
6300.051554772481 0.15855676532519788 33.03800247878708 1.1697307052286496 3155.5667236590343 1279.7027979660725 0.3369273104971135 
6377.480385168791 0.13860230170908378 42.24503030826494 1.1482966853081615 3118.025853959527 1311.2906263274924 0.3366756925297565 
6372.7838280097485 0.13799960247593876 42.29550128257204 1.1482966853081615 3119.649111972213 1328.8556485883685 0.33670824138105565 
7238.492986462237 0.15803650819161133 43.82414835937851 1.1479212370450071 3083.5919455555145 1305.984039055455 0.34096318023223665 
