7000.355065966444 0.13934863957642044 44.2595005751646 1.0830314375309853 2997.258030767263 1406.7787641223556 0.32529073705180256 
7220.72037831505 0.13858014459048895 44.51982721169955 1.0779602503811692 3236.1076979451927 1433.834900304022 0.348389600407032 
7034.8395266257285 0.13864813431352152 44.43072381953649 1.069494581034059 3112.66083576331 1406.2853236146066 0.3256840271419129 
6980.053703255467 0.13858839058377134 44.516881638986085 1.0856966436574926 3114.0658068749904 1388.4524944173863 0.3483750061121502 
7000.355065966444 0.13935919788498127 44.259822489892905 1.0865256670277819 2997.258030767263 1370.0534734782998 0.3476262325104633 
7221.294623488072 0.15354399707668834 44.42749715237006 1.0884322056229359 3300.3474716866467 1370.4832915762177 0.34735902144746844 
6979.810781380872 0.1385594050128662 44.5158636024909 1.0860005437403013 3269.522735009024 1387.393157009867 0.3483771213188888 
7000.576907339819 0.14018091808978891 44.566045033703986 1.1812133761922678 3335.3086767268705 1262.5337750104327 0.3257168932147606 
7014.398356509103 0.14026276133645987 38.513897733992366 1.1809295985282509 3299.878208224992 1269.4024793533306 0.3354701757523671 
7007.286031482171 0.150759023253716 38.513971328796906 1.14928889380431 3245.0613757618135 1320.410848389552 0.3469737126754844 
6999.22932022412 0.1386371061457541 36.80089921903797 1.1531172617916778 2995.7392342740523 1262.0224859512205 0.3496595584354457 
7000.389791474695 0.13937190064071003 44.566045033703986 1.1812133761922678 3219.132515480806 1320.9743752052286 0.326087241626472 
7002.591858158291 0.1385594050128662 44.567682854527604 1.1008361849422934 3288.922103826907 1387.393157009867 0.347332304597359 
7000.443290109875 0.153345093147145 44.56588667165624 1.0884322056229359 3289.274631273956 1374.9903450031702 0.3473174976470401 
6978.398098488891 0.15852430866588238 38.51561764921124 1.1520217695929194 3245.0484432498597 1330.1998221153794 0.3474741542679721 
7167.761632313538 0.15771293640687836 38.513832720214154 1.1269517201930668 3242.300405426536 1319.4802901658309 0.34758655405416194 
6995.043065705368 0.13933920436125688 38.46123355046068 1.1532433654515246 3230.467498299157 1354.493656468755 0.32572128156728763 
7000.640530084055 0.13684094235467795 39.004696723359785 1.1634805839199076 3003.519989434061 1317.768690481331 0.3488135208926616 
7006.404688455678 0.13864363096486515 43.57200657177995 1.1415484516332464 2997.329365134741 1355.0537251116266 0.3486899683820387 
7006.404688455678 0.13864363096486515 43.57200657177995 1.1520287400485938 2997.329365134741 1355.0537251116266 0.3488934798818103 
7002.877668671605 0.14021448838119496 44.56814710440012 1.0856905510716781 3167.304371459908 1332.7327075743394 0.33084983130842055 
7000.729980424515 0.13868904828183828 44.51641920682945 1.0906684164341538 3272.8811807674138 1382.8788855159742 0.347281721651722 
7044.48943528767 0.1386124676999652 44.27051366772183 1.0003522209431635 2997.18968385282 1657.680341751498 0.33756303258211395 
7000.355065966444 0.1386416886578962 44.259822489892905 1.0865256670277819 2997.258030767263 1370.2664077863244 0.3476262325104633 
7014.398356509103 0.13880971469097464 38.34472819164587 1.1904448527571945 3272.9090288507887 1269.4024793533306 0.32548497262449894 
7014.398356509103 0.14026276133645987 38.513897733992366 1.1539580573817667 3299.878208224992 1270.0930900609173 0.3263196498689757 
6999.22932022412 0.138706716908714 44.45819191670764 1.1531172617916778 2995.7392342740523 1257.037742010054 0.3253280917500655 
7000.381035217743 0.13927746367863655 44.25847084025262 1.1534390549558873 3003.0186978139122 1317.810560906667 0.3260896860759546 
6999.22932022412 0.1386371061457541 43.741772629971216 1.1530412182987677 2995.7392342740523 1307.7782924396672 0.32620283866137056 
7221.472667379303 0.13933920436125688 38.46123355046068 1.1537646188232067 3234.772974687956 1354.493656468755 0.3260896860759546 
