0.04 -1.21565 3 
0.03261 5.09128 3 
0.02677 4.99117 4 
0.14252 -2.53757 5 
0.068 -2.39026 4 
0.15637 -3.60287 7 
0.04166 -1.62434 4 
0.06772 -1.90198 4 
0.13373 -2.5355 6 
0.12857 -3.05793 7 
0.14554 -3.30244 7 
0.25409 -4.13385 7 
0.15767 -3.63052 6 
0.14252 -2.78682 6 
0.2652 -4.3852 7 
0.30009 -4.68265 7 
0.27698 -4.53843 7 
0.27698 -3.90815 6 
0.169 -3.81909 6 
0.14679 -2.81318 4 
0.14653 -2.68155 4 
0.15904 -2.91259 5 
0.163 -3.01895 5 
0.2863 -3.25262 5 
0.18247 -3.25194 5 
0.15714 -3.90708 7 
0.24914 -3.9242 7 
0.15401 -3.05805 6 
0.148 -2.96806 6 
0.15743 -3.37766 6 
