0.0924 4.74221 2 
0.0787 4.58392 5 
0.09272 4.63725 4 
0.10422 -0.72054 5 
0.11609 -1.03047 3 
0.11582 -2.96356 6 
0.10491 -1.65142 5 
0.18546 -3.76666 3 
0.18103 -4.4315 6 
0.149 -3.78168 6 
0.18579 -3.90035 4 
0.181 -2.97587 3 
0.10491 -1.05143 4 
0.11291 -2.46793 5 
0.152 -4.11072 7 
0.14872 -3.6122 7 
0.153 -2.77434 4 
0.163 -3.25753 4 
0.142 -1.87505 3 
0.152 -2.35227 3 
0.14017 -2.0516 4 
0.10782 -1.6392 4 
0.06947 4.92 3 
0.11596 4.51299 3 
0.19 -4.19375 5 
0.18059 -3.78543 5 
0.18901 -3.12771 2 
0.153 -2.36009 2 
0.15627 -2.74416 2 
0.154 -3.11958 5 
