7428.104823999824 0.15319435107322635 40.277897573881184 1.092100342906371 3102.72285014114 1491.1087642671062 0.327594571633267 
6864.9764963793305 0.15475306548489376 43.73534697085376 1.0995208561815888 2995.9459709084704 1386.7681399914588 0.32447878266808367 
6995.156888377027 0.1399218865828943 42.55929344978298 1.0499285563343106 3081.831228377055 1443.4795219506368 0.32515267618544236 
6998.691645921061 0.1397051402910107 43.80976251952872 1.1240441657195779 3002.0537419888974 1359.274933277729 0.32447878266808367 
7006.6410735041245 0.15305181321687697 43.73534697085376 1.101799565498907 3001.227153682938 1366.4922578405299 0.32447878266808367 
7006.108874289177 0.14047950403410597 43.809341649906344 1.1235051893611823 3002.0916869720913 1304.7493850074686 0.3249924011946771 
6998.691645921061 0.14062037045556786 43.73471399084519 1.1222548935747296 2996.1051554110604 1354.3567228325446 0.3244697634238219 
7004.877615010838 0.15289705292323028 42.071391572577134 1.1270603923866342 3081.916333322898 1373.3761520357914 0.3236773627281226 
7419.073484734222 0.15404765871541562 42.128250662917694 1.0927620198632504 3100.8416420642166 1328.987655380168 0.3262926558705295 
7419.17257431927 0.1532356450734583 40.28074593526684 1.092100342906371 3082.1127143092663 1384.4904488787483 0.327594571633267 
7459.199480737168 0.15370605004412657 42.15703138956228 1.0994167674772821 3101.2492250256173 1385.902363374559 0.3193105089473133 
6852.254002033353 0.1510058877600841 43.73534697085376 1.0995208561815888 2995.9459709084704 1328.684649320031 0.32447878266808367 
6749.178433904172 0.15265177588475484 38.45249989493571 1.1772334138820353 3488.1362691096674 1287.3191603160708 0.3263540092642732 
7961.165839792066 0.1420422149237197 42.11498130701336 1.144846993323626 3428.04899540045 1367.514567572976 0.34785746150743524 
6924.252406071931 0.1530924300373026 43.809341649906344 1.1252957964983477 3373.3998682622555 1304.7493850074686 0.32495636628944635 
6998.981614000329 0.15324519676379494 43.73471399084519 1.1222548935747296 2995.9161798978907 1309.750759173491 0.3244697634238219 
7007.883948520507 0.1391772292146188 43.51888415818302 1.1852811921392044 3486.6733291813175 1278.9635570179673 0.32525958291105594 
6998.691645921061 0.1397051402910107 43.73534697085376 1.0995182052264911 2996.1051554110604 1359.274933277729 0.32447878266808367 
7009.266073613772 0.1394047943000974 43.809341649906344 1.0200502377756364 3002.0916869720913 1480.5299524319028 0.32438813251827464 
7007.245713102861 0.1560931058212959 44.11583793415218 1.1852811921392044 3486.6733291813175 1278.9635570179673 0.32518994562852455 
7006.108874289177 0.14047950403410597 43.94680444943054 1.1833700064056594 3481.892861595745 1304.7493850074686 0.31930827173013315 
7459.199480737168 0.15407692332081468 42.12359833552944 1.099459597620059 3082.1150883295936 1385.902363374559 0.32633552713136094 
7419.134279339176 0.1541084459539638 39.55418540764702 1.099459597620059 3082.1150883295936 1385.0101775475362 0.32633552713136094 
7079.14748482515 0.15596133797771877 43.74765220308025 1.1856830929496862 3495.6544863984295 1263.4330340768515 0.3247400569425656 
7078.509249407504 0.1558949416050549 44.11975157320898 1.1717303999930453 3495.6544863984295 1263.4330340768515 0.324731803290437 
7006.6410735041245 0.14395533739797947 43.73534697085376 1.1011090043497558 3002.078919280003 1385.9506164088111 0.3249920710305996 
7005.397963369367 0.14056623126596043 43.80946697141254 1.0337991798200532 3002.010892910009 1487.4055289733367 0.3325397811689459 
7407.371490480472 0.1509797763288264 43.752901452647585 1.0994834185622138 3191.473303777061 1398.5134224174978 0.32447878266808367 
6972.437630895683 0.15305181321687697 43.73536555848945 1.0993967675877019 3145.978223387362 1394.4664490425844 0.32447878266808367 
7008.067405671295 0.15475306548489376 43.73534697085376 1.0995208561815888 2995.9459709084704 1386.7681399914588 0.32447878266808367 
