6918.243024258787 0.14455371419373922 43.229032636364764 1.0053863169280672 3057.2711953183757 1573.9963778676465 0.3314904177880229 
7046.92181382658 0.14455371419373922 44.862122083592496 1.0053863169280672 3057.2711953183757 1522.7025098861513 0.310684913543213 
6315.201551571701 0.13974963343596572 44.522963482070054 1.0875607128637683 3166.5755724885958 1492.8213702663375 0.30937946335205246 
6995.354730304998 0.1424421659591113 38.32425767456678 1.1740097832449123 3464.8974419819756 1358.6283529239206 0.3360452209238795 
7046.889431949372 0.14890366036876362 44.950681207153984 1.0868398319825823 3476.4015037824474 1499.5971073616336 0.30727436706503164 
6976.79271677914 0.13975421894130455 44.05325650979909 1.080164201772707 3193.5675386786384 1548.0356728395154 0.30760565351568164 
7005.734883433547 0.14294937552504036 43.78884180317229 1.1992243959145283 3001.968611243409 1355.8161802326124 0.3106530129423812 
6869.324030034667 0.15033846791089664 37.94486418599323 1.1773559282485362 3487.9139034464847 1348.068773095072 0.33802082127816657 
7116.698107428957 0.15139819110528965 37.30523483819715 1.1741625304377081 3469.1979272199533 1354.4931715699859 0.3361424712912288 
7005.734883433547 0.14294937552504036 43.71820480892275 1.1992243959145283 3467.1843487184888 1355.8161802326124 0.3397756744147572 
7004.146581523009 0.14294937552504036 43.709271469910306 1.1740069502003283 3476.6705396967336 1341.6669044879388 0.3403768334112246 
7005.734883433547 0.14308788802792907 43.82086024579705 1.012047404708003 3223.534184453109 1549.987650263888 0.3096860570549456 
7005.734883433547 0.14307189152317587 43.82086024579705 1.0095703429554568 3049.9962492032782 1549.987650263888 0.3361036468395765 
7944.384417081557 0.14235916810251983 35.22027720190341 1.1773559282485362 3224.672153422262 1348.8234219844474 0.3379131530315133 
6922.651427703808 0.1422861269855877 43.229032636364764 1.0053863169280672 3048.5733889563094 1555.258507867197 0.3313461670939047 
7006.247903368258 0.1429395102148734 43.78436835238249 1.0062554768856462 3001.6143783392995 1549.9731544184574 0.3151599573079553 
7006.277124627904 0.14274280753426133 43.272130495004944 1.008961348363523 3003.0894212850158 1550.0071130718582 0.3100022353012971 
7160.095343710356 0.15139819110528965 44.272171128106656 1.172125757424383 3469.1979272199533 1354.4931715699859 0.3361424712912288 
7006.0200533227435 0.14231123142956528 43.229032636364764 1.0114888444485144 3048.5700282490043 1554.5913746061544 0.3301057718754179 
6994.615197824977 0.14231123142956528 43.54604506912137 1.0114888444485144 3048.5700282490043 1554.5913746061544 0.3287487352365595 
7005.62493419974 0.14295490610550843 38.30235420266665 1.158755903010093 3467.4371828810795 1355.8161802326124 0.3397756744147572 
7009.125121095077 0.1422861269855877 43.79676008622064 1.0053863169280672 3048.5733889563094 1525.6481283148378 0.31159436134574703 
7005.7351885079315 0.14184295446082318 43.71820480892275 1.0119703868063252 2997.547838107829 1547.4253864307439 0.3397756744147572 
