7024.889327217702 0.14509110269190995 42.26061996739499 1.0384439837304718 3124.630452832947 1581.500776205037 0.3075552842102238 
7024.745271081829 0.14509987824781645 42.25939465279707 1.0380450214121681 3199.184290209408 1575.04971407358 0.3102447001207804 
7001.701822904366 0.14154865731149374 44.51704414004617 1.0803925048588763 3200.973186523523 1551.260513495454 0.307847584349993 
6394.530720894984 0.16472604074254457 41.53888216668189 1.0919068455296495 3252.71388299445 1276.9452742592189 0.3287974034814739 
7024.9477069845 0.15050657225059594 42.26061996739499 1.0898199007027034 3120.4134316259288 1426.3006696759571 0.30680658338758293 
6985.450085225044 0.1453914825395536 44.51704414004617 1.0533802451851222 3135.3004013963214 1550.955649934781 0.307847584349993 
7002.371270275225 0.13690640066026907 44.46777250904431 1.0914210238529216 3200.3753739258177 1274.6454987543377 0.32376728589228354 
7002.971067688279 0.14111636883170237 44.40570839012883 1.089869591313062 3199.793227643551 1551.260513495454 0.30793738555781375 
6996.6856312968885 0.1369245660118627 44.46777250904431 1.0914210238529216 3200.370634883103 1311.7288155515348 0.32376728589228354 
6949.709691373733 0.14221399984645183 43.6083105771055 1.0379751003966682 3199.499433247629 1435.4581955111064 0.31109362182133354 
6507.693478988361 0.15429141950351197 43.56649743993034 1.0919068455296495 3252.71388299445 1300.120182539494 0.3284993952026623 
7034.713925626261 0.13695422453777825 44.54890344410878 1.0989399792782233 3205.905091252004 1425.7285864790535 0.30680658338758293 
7023.461927859473 0.14790624798271365 44.46777250904431 1.0951521695466173 3200.3753739258177 1274.2764041857724 0.3237337034578899 
6999.596980067859 0.1410625412966018 43.66036659338316 1.0094005012334326 3025.0720519742677 1270.0036674992514 0.3256140258801515 
6999.596980067859 0.1405561852282925 43.66036659338316 1.009506794163807 3022.463295612158 1573.01155552094 0.3258065991949204 
7002.971067688279 0.1422460968548213 44.515825986830805 1.0793554042882996 3154.8262149831135 1428.3005751974574 0.30825791074962655 
6963.546816767338 0.14125604568060482 43.67199950780244 1.132896919442159 3200.312143062573 1299.5403320229866 0.32376728589228354 
7065.370186138347 0.1410625290179619 43.66036659338316 1.0094005012334326 3111.3731111295538 1579.146092265941 0.3258065991949204 
6518.976728401051 0.14224175327082758 43.6083105771055 1.038074597104594 3199.806848779055 1577.2293362209662 0.3094516314091926 
6518.976728401051 0.14221399984645183 43.6083105771055 1.0217443384525555 3199.499433247629 1438.8211038864479 0.31109362182133354 
6394.530720894984 0.16472604074254457 44.5420362586942 1.0919068455296495 3252.71388299445 1276.9452742592189 0.3284993952026623 
6506.421446944293 0.14581527801636254 42.10382687499677 1.0950782041899445 3135.330313883396 1280.1513661435422 0.32576599876467294 
6999.518919748216 0.16629734048765188 34.599552304733294 1.0992435631239825 3204.172346242172 1272.8705361871646 0.3243555138717466 
6357.072093075953 0.1662181379788535 43.672999817554405 1.0990814657711723 3204.172346242172 1262.5741478068585 0.3243555138717466 
6342.331592462389 0.13691201745161685 43.66025570481672 1.0914031853213155 3200.3753739258177 1274.7585545024867 0.32376728589228354 
6999.518919748216 0.16661030695653217 43.66201334025616 1.0992435631239825 3204.172346242172 1272.8705361871646 0.3243555138717466 
6999.518919748216 0.16629454284955786 43.66201334025616 1.0992435631239825 3204.172346242172 1272.8705361871646 0.3243555138717466 
7063.324649833911 0.14227099705706564 43.73546060793248 1.0078371955454126 3126.3285538781283 1627.9095126160778 0.31229378586275974 
7008.53551796098 0.14224175327082758 43.6083105771055 1.0380693301365713 3199.806848779055 1577.2293362209662 0.30930003286451285 
7001.701822904366 0.14106527736641405 44.36285381374788 1.0774182374086163 3022.8988980036106 1551.260513495454 0.307847584349993 
