0.09286 4.55552 7 
0.10714 -1.52368 4 
0.06872 4.81126 4 
0.124 -0.50314 2 
0.11839 -1.922 3 
0.15823 -2.27366 2 
0.12622 -1.43734 2 
0.127 -2.3791 5 
0.14259 -2.62166 6 
0.10678 -2.17472 7 
0.10587 -1.39523 7 
0.14278 -2.64232 4 
0.177 -4.19746 6 
0.145 -3.44621 6 
0.15823 -3.20548 5 
0.155 -3.06282 3 
0.185 -3.64008 3 
0.12305 4.52108 2 
0.04482 4.97902 2 
0.185 -3.83954 4 
0.183 -3.41863 4 
0.10587 -1.19181 6 
0.10645 -1.60752 6 
0.186 -4.27625 5 
0.18488 -3.88388 5 
0.10584 4.69969 3 
0.04038 4.98509 3 
0.099 -0.54289 5 
0.10034 -0.83378 5 
0.10714 -0.78417 3 
