7189.8203269079195 0.15711688520057512 40.683697142952525 1.1649346335268023 3165.1310719507846 1264.5343031886928 0.33888612389581024 
6169.853932477225 0.14095925512801516 43.945814021708834 1.1994113288058852 3020.423185315568 1259.5477636907485 0.34887331078679507 
7183.012076884712 0.1399617356336572 43.976427201884455 1.0091292423048368 3064.444281960862 1544.7794369254675 0.32671979599799056 
6668.702819239086 0.1466445287348448 39.73525769517407 1.1048719891990264 3327.6518739810263 1351.0131394688324 0.3484934868668583 
6999.867802504852 0.13771654635820926 43.97641644286814 1.0079415203093949 3099.2918597058238 1553.689732699364 0.32101637139992345 
7000.213920419104 0.13771654635820926 43.93622283249388 1.006309068993751 3220.4870355734342 1553.689732699364 0.3241986700606349 
6922.770887505704 0.1405614888416264 42.02533106188991 1.0298168405231214 3108.404052672312 1604.039873654559 0.30894426311552964 
6999.867802504852 0.14058974986144762 43.97641644286814 1.1235366635894466 3256.0059901510776 1553.4403628553982 0.30640502999503905 
6999.053313989709 0.1405614888416264 42.02533106188991 1.0298168405231214 3218.2751889299043 1553.4501847192341 0.30894426311552964 
6996.646325785118 0.15260124514854367 44.18615190942974 1.0946569630388225 3256.009201847753 1364.8097839539205 0.3057382140750429 
6999.057376115238 0.14049767330422 43.93565273292235 1.0079269163371445 3320.7131736108354 1553.6890045797802 0.30856748512980126 
7007.6297205179035 0.14225937169023695 43.9685809681321 1.139431623060244 3256.009201847753 1255.96692693232 0.32416770934861244 
6192.524714524833 0.1408965856509601 43.94317324454886 1.1653126846871362 3178.237693950388 1305.8382642072993 0.3248536479523113 
6999.867802504852 0.13771654635820926 43.97741037629833 0.9904823448078461 3221.217352800157 1261.6697652373243 0.32407938558864924 
7189.8203269079195 0.1594217214826508 43.93498207709643 1.1651320544267167 3165.1310719507846 1263.8245427922902 0.33888612389581024 
6999.057376115238 0.1405614888416264 44.06257719731361 1.0079269163371445 3216.5769670959694 1553.4501847192341 0.3077347172321915 
6213.64908114289 0.15987188821258383 43.693099471890626 1.1497197213351962 2999.2038398728346 1346.8474605308184 0.3385208120851754 
6935.198829083882 0.14188510792626555 43.97748003491141 1.197903859174211 3274.504810327448 1259.2295982848457 0.307098456321789 
6278.943557610328 0.13907673270533122 43.989825848339464 1.1388365141128098 3176.4097458893743 1363.694747226609 0.3240062556538607 
7098.869311737304 0.1417521746529453 43.959708628013544 0.9893383273918396 3064.444281960862 1545.040738506224 0.31154947306940733 
6192.524714524833 0.14089242309366953 41.45770453559133 1.1637476146922527 3178.237693950388 1305.8382642072993 0.3248536479523113 
6676.479754941668 0.13902943707194965 40.67790377637564 1.134978807785329 3250.864080610575 1353.512348401403 0.3389394003532659 
6205.179955719428 0.15966998242035876 43.959811693499255 1.1653126846871362 3249.5312865318383 1281.0819333767424 0.33892506250389415 
6197.625801133589 0.1592942393540337 43.959811693499255 1.1653126846871362 3249.5312865318383 1279.2821306787193 0.33892506250389415 
7189.8203269079195 0.15711688520057512 40.683697142952525 1.1675035892417995 3165.1310719507846 1267.0907583670132 0.33888612389581024 
7206.9621121087785 0.14162898689193198 43.94274129642046 0.981466871937837 3064.444281960862 1544.7794369254675 0.32494345408512637 
6668.702819239086 0.1466445287348448 44.012768850926335 1.1048719891990264 3340.853269243232 1350.155654015225 0.3484934868668583 
7007.6297205179035 0.14206318930907133 43.742549281951234 1.1247360685048966 3256.009201847753 1553.7002604989282 0.3062346537038696 
7460.069922812636 0.1510853877637771 44.17370229200111 1.0900115618041093 3033.075447710157 1364.0443181508638 0.3056169408055044 
6990.368475637131 0.1466445287348448 39.74687679510281 1.1228923375201356 3327.628926655013 1351.0131394688324 0.34977661981965125 
