6804.623831688376 0.15200389755715274 41.38124415935525 1.1510912801428115 3184.3593593693577 1330.316708869533 0.324751799687534 
6998.419769996179 0.13727318908327646 43.98989800571605 0.9845369341944743 3003.5312216750385 1300.6447712539627 0.3246519119255128 
6845.2434910408165 0.1507234708729513 41.51515554992751 1.1510912801428115 2999.8284863532385 1294.8617183160661 0.3247586075169815 
6793.486367343026 0.14922873650349347 41.64673573440056 1.0553063764030135 3137.7621556626896 1454.914617581463 0.3080550076054181 
6968.189044572814 0.13868109036052345 44.08460595261297 0.9845437785576019 2994.5583720703644 1527.0727440125133 0.32381682413257035 
6998.90805599428 0.1386483949143157 44.16206668214029 1.063991619792829 3001.5406248661243 1480.3849618924519 0.30901494045689804 
7002.235736818943 0.1369378304663042 44.08122036201826 1.0556913452388021 3000.0735695444223 1335.1948781071287 0.32389309115695597 
7128.82247131833 0.13585632567965988 44.159244101061304 1.0431145983659744 3001.6157896434374 1363.6884549813258 0.31020606022184655 
6997.703168008665 0.1372729845068992 43.98903686217164 1.1643819741634387 3003.5312216750385 1299.7300080948428 0.32374408411688926 
6830.27359184738 0.13693693942544305 44.077174827394906 0.9841119642489993 3012.4046159958666 1533.7453578478644 0.3241834969205974 
6632.968714002527 0.14916364436721966 41.24223508447268 1.1481146373078641 3139.151003669422 1330.3103933398677 0.32349655262527816 
7171.205690389426 0.13983143652171823 43.579023003629274 1.1519698895070085 3111.765861358306 1324.951147251228 0.32415217846189887 
6972.48275009614 0.1372729845068992 43.99946411550922 1.1643819741634387 3003.5312216750385 1306.4433182263567 0.32374408411688926 
6898.312939644126 0.13728195769884194 43.989922027404354 0.9847001318914439 3000.069778624615 1542.3105989500216 0.3241919232657672 
6830.27359184738 0.13693693942544305 44.077174827394906 1.0275026711409898 3012.4046159958666 1558.7184166231127 0.32381682413257035 
6830.461865956423 0.14730601551376313 44.225872905438074 1.133471208653182 3001.5139917704237 1363.1262681389119 0.32357055538483936 
7002.191531149346 0.1358523780360828 44.077174827394906 1.044905395873445 3000.5385981438435 1533.7453578478644 0.3238120556361447 
7128.224157486613 0.13585632567965988 44.159244101061304 1.0428214203843376 3001.6157896434374 1358.6745601485109 0.31020606022184655 
7000.151222785714 0.13981217835052825 43.5830929192998 1.1519698895070085 3111.765861358306 1324.951147251228 0.32415217846189887 
7004.671229661565 0.1372757754978356 41.6201344092665 1.0300894826152023 3000.0635946050506 1480.5282722564277 0.30901494045689804 
6819.804006477291 0.13660629940994173 41.637398267039764 1.057034361193071 3137.7621556626896 1467.1654047162324 0.3080550076054181 
7072.7435880210805 0.15208268077808593 43.99731544716782 1.1444421123429027 3003.659240548452 1330.3741722705306 0.3237675469855017 
6998.90805599428 0.1386483949143157 41.48353879230535 1.0627185100605798 2995.0418632438414 1495.051981328288 0.30901494045689804 
7172.188656193794 0.1525786050045282 40.10440504782183 1.135129349498145 3078.5870717159187 1342.9293423611666 0.31367177044713956 
7002.1288937571635 0.1386483949143157 43.1486901319205 1.060336267617035 2990.5270985393327 1480.8732262741928 0.30901494045689804 
6632.968714002527 0.14916364436721966 39.99118976172365 1.1367085714390812 3139.151003669422 1330.3103933398677 0.32349655262527816 
6804.621481788592 0.15142203107569951 44.06802113142973 1.1510912801428115 3184.3593593693577 1330.316708869533 0.324751799687534 
6898.312939644126 0.13728206869745757 43.989922027404354 0.984690468325683 3000.069778624615 1546.0130785279537 0.3238901293355492 
7132.716910978122 0.1386848917383473 44.159244101061304 1.0431145983659744 3001.6157896434374 1528.900297200263 0.31020606022184655 
