0.04965 5.03727 1 
0.196 -4.75274 5 
0.15109 -3.76904 7 
0.01182 5.24461 2 
0.129 -0.94684 2 
0.11681 4.51636 4 
0.08571 -1.57812 6 
0.16323 -4.05127 6 
0.05 -1.0588 5 
0.193 -3.55736 4 
0.022 4.83271 3 
0.04308 4.52713 4 
0.01358 5.05448 1 
0.16318 -3.78852 7 
0.1513 -2.7482 3 
0.10201 4.76448 2 
0.129 -2.2569 3 
0.137 -2.5622 5 
0.11945 -1.70227 6 
0.11167 4.5942 3 
0.15438 -2.90307 4 
0.11912 -1.19498 4 
0.01951 4.99366 2 
0.14476 -2.74073 4 
0.128 4.66071 2 
0.14188 -3.06396 5 
0.15852 -3.32265 4 
0.15063 -3.39673 5 
0.04308 4.62369 3 
0.14188 -3.26313 6 
