6167.2316793275095 0.142243943429954 33.37349808711135 1.1440556313917711 3456.3335949252482 1265.6731530602399 0.34794002339461266 
6076.282627211489 0.1426462945927281 44.41457419340044 1.0143732557106577 2996.961011217343 1549.0310663100167 0.3244794308444247 
6648.627044792697 0.14667742109331727 46.00981642270031 1.014860365757575 2985.124532477539 1604.8267627056834 0.31123721053444137 
7143.728449486722 0.1401698079346166 44.41315419665881 1.0078245561687214 2976.436510293432 1537.2430636840531 0.32444910213451683 
6232.031069449544 0.14232529298351845 43.792643782446305 1.0070636003973839 2996.9647085781253 1261.0239247928587 0.3245047760220681 
6787.840377565465 0.1426462945927281 44.4511796483407 1.0143682852472784 2984.924290080467 1602.1174680888282 0.3124143485232315 
6159.74239701387 0.14434442024459318 44.06263584032626 1.158802556605311 3002.644443971942 1259.6492312708078 0.3245053187514805 
6606.724976551886 0.1390576655585624 40.38106589280961 1.1017411646477797 3002.4517805292367 1668.392380304714 0.3076259335370457 
6802.528107078586 0.1409122605070585 44.41457419340044 1.0110535365685636 3003.29639630911 1549.0310663100167 0.32565441349544416 
6561.07024792648 0.1425484645713013 37.517016162709375 1.1440084043048315 3002.6740711730567 1265.6731530602399 0.34813099510013684 
6789.94534834275 0.13905134074734735 44.35394103026252 1.0328112130372478 2996.387192503574 1611.1318007680584 0.331320485841374 
6797.031866699192 0.1426462945927281 44.41457419340044 1.0561166320673125 3002.7822673285627 1549.0310663100167 0.32456248954647776 
7128.004998217662 0.14265417258707225 44.408614115981266 1.0078245561687214 3002.8641148662387 1533.9610139185281 0.3244794308444247 
6151.19667969056 0.14231426465560146 44.0114604775852 1.1432767667345674 3003.325482385724 1271.2996085906143 0.3244768960127039 
6513.485400004461 0.14026988772066 44.343502346765746 1.0924540244733771 3004.5635967493617 1359.2641928568783 0.30760506787754516 
6606.724976551886 0.14199396844397388 44.31816336458294 1.10341973484977 3252.7859140617165 1670.5231524695803 0.3076259335370457 
6061.603187660068 0.14275425237311565 44.40862574019127 1.0924540244733771 3004.5635967493617 1327.627297186191 0.32401951828155595 
6519.077439076814 0.14637562259040554 36.895829268740464 1.1549388574631139 3002.4468208625944 1285.0814929198461 0.34741261817809443 
6783.929535037804 0.14667742109331727 44.40341023835165 1.014525027888293 3003.0934069742807 1588.2032247381749 0.31123721053444137 
6078.63013257074 0.14344341569857536 44.00806861295986 1.0132519941062599 3002.6357680505325 1298.9618653743776 0.32475578114391374 
6145.683055724987 0.14224483189730056 37.99954747138522 1.14066775316423 3230.297410780708 1325.4984884502417 0.32501600088241833 
6510.940475708555 0.1420978050456848 37.50945989773828 1.1440084043048315 3443.1608760597587 1265.632647148848 0.3478782215287287 
6146.093268674055 0.14225441100158207 44.281321722108295 1.1409589953449835 2999.6484338749638 1314.8316414555754 0.32501600088241833 
6606.724976551886 0.14198469421557325 40.38106589280961 1.103313351871098 3249.2887075670255 1670.5231524695803 0.3076259335370457 
6110.0632214377265 0.1422542558029489 37.07164814702842 1.1576024195870809 2997.5474247828033 1287.9003542668606 0.32551880280935785 
6232.031069449544 0.14231336318818155 44.00168306253012 1.0070636003973839 2996.9647085781253 1271.521678135229 0.3245047760220681 
6075.301463979404 0.14026988772066 44.41316582086882 1.0924540244733771 3004.5635967493617 1359.2641928568783 0.3239891895716481 
6222.120038114521 0.1420925477589747 37.1808953036496 1.1382992953109534 3003.924951419956 1368.5576598220046 0.3250342151088407 
6779.470294633225 0.14257050077795186 44.40341023835165 1.0129145239935613 3003.0934069742807 1588.2032247381749 0.3097584953513407 
6785.675660918766 0.14243593112872818 44.39968119924725 1.0067932045296453 2996.557933149608 1567.314498547088 0.3244794308444247 
