0.24152 -4.74431 6 
0.13196 4.9818 1 
0.0502 -1.64918 6 
0.02053 5.22475 3 
0.18644 4.52184 2 
0.04 -0.15428 4 
0.18732 -3.51423 4 
0.102 -1.96472 5 
0.02821 5.08384 1 
0.18344 -4.19959 5 
0.03944 4.97584 4 
0.056 4.85788 2 
0.02143 5.03944 2 
0.17981 -2.88734 3 
0.12306 -1.83618 4 
0.103 -2.13948 5 
0.14347 -0.88789 3 
0.17092 -3.78619 6 
0.05 -0.8991 4 
0.16196 4.78454 2 
0.14484 -3.09479 5 
0.18346 -4.34354 6 
0.15172 -2.71706 3 
0.103 -2.54599 6 
0.1691 -2.89689 4 
0.17966 4.65694 2 
0.1321 4.52275 3 
0.15498 -2.7969 4 
0.04615 4.59407 3 
0.03062 4.99054 2 
