7660.6235201149775 0.14376590617356116 39.76061049062135 1.0748600087043094 2962.6153141771456 1470.1861756945307 0.3474203443165887 
6848.414086064198 0.14338637030141088 30.86719533607317 1.183265568946134 3432.9996212596443 1252.7577816995279 0.3497422595375778 
7003.024706921051 0.14186814778571155 43.780396829884566 1.0091618161817988 2995.4212714418427 1252.0573276044909 0.3253220009141053 
7003.134861863574 0.14294141455779136 30.154749473665696 1.17557944197898 2998.098668923389 1250.2247357461424 0.3253247148473994 
6900.862306802205 0.14348201595490898 43.72612026298087 1.0080586186907357 2963.8809099755385 1520.4005625355605 0.325408850381282 
6903.132805730897 0.1434233455122887 43.701843639772235 0.9894474163539198 2964.615399371936 1550.942700271696 0.32536714639383507 
7002.987354831175 0.14290007808296934 43.59569133523532 1.1084948408496842 2999.712747010323 1287.715632568269 0.32541196698076336 
7003.024706921051 0.14326930946292923 43.780396829884566 1.1664742742251653 2995.4212714418427 1252.0573276044909 0.3253220009141053 
6979.353983668714 0.1427759819825947 31.916132765026646 1.190553126269789 3144.0366230465033 1251.8856967158474 0.34862938262636933 
7687.670922357655 0.15115884976872687 31.540367881628516 1.185438793121142 3446.3379862739935 1252.712009157048 0.3474688965039005 
6805.74564987621 0.14212430932338344 43.94534579819523 1.0294868248628166 3115.488221083387 1481.0987214579861 0.32634809049825386 
7002.940878899223 0.14207971728373686 30.627897884476674 1.1841893277148967 3432.9996212596443 1250.8729260877733 0.34812200478012906 
6815.743523693698 0.14210517741320347 41.36235596036874 1.0509619364731981 3111.0333297274183 1479.1004928094098 0.3266166184442713 
7000.306838032893 0.13965472426305403 44.09467826716869 1.0080586186907357 3000.6117305243592 1501.912238355403 0.3254175851205019 
6827.834837981054 0.14210684833881537 41.343604772578104 1.0509619364731981 3200.2100137548746 1476.6469607278757 0.32550732897238466 
7003.134125657842 0.14277722381771235 30.2086775166541 1.1766367644473164 3389.1266767831603 1250.6175066545388 0.3254087882583348 
7040.832567740901 0.1503786272251105 40.575697269914755 1.1048834181915528 2960.9977891157387 1370.2839603917746 0.3463041346080062 
7001.484378879315 0.1574354055528236 43.847162617241 1.1769706449209005 3398.2311977489608 1305.0999894886054 0.32536011433379297 
7000.848366788714 0.1574354055528236 43.847162617241 1.1366349391556312 3405.159183195855 1311.7419632658148 0.3253636130836374 
7003.024706921051 0.14326930946292923 40.47354173843506 1.1664742742251653 2995.4212714418427 1366.8193553891067 0.3253220009141053 
6876.818812218236 0.1503786272251105 41.494038939935514 1.131721684463177 2960.9977891157387 1370.2839603917746 0.32540967261429177 
7005.951086235639 0.13957721281178048 43.985167120959005 1.0080586186907357 2962.6746645388635 1503.307265381679 0.3497594756862369 
7002.987354831175 0.14762838306700374 43.59569133523532 1.1084948408496842 2999.712747010323 1286.0478667214775 0.32462947889882776 
6962.948565612661 0.14187997555974077 43.94429415885132 1.0833961291160348 2999.7460852189374 1412.1781185865614 0.325408850381282 
7000.371475172964 0.14033462898458599 44.139200189468546 1.1876873648183697 3397.671012772744 1254.7831556122696 0.34862938262636933 
7040.832567740901 0.1503786272251105 40.575697269914755 1.1420296608367408 2960.9977891157387 1370.2839603917746 0.32549205792717756 
7043.015204439162 0.1503786272251105 39.75210236463015 1.1052185134729775 3000.089268210325 1387.2001926313578 0.34507676003411053 
7135.783168673958 0.14287899854880243 43.616047446686224 1.1053506182053274 2995.302449395294 1320.1161466596502 0.32541114247342884 
7002.940878899223 0.14206495028322347 30.86917769189229 1.1841893277148967 3432.9996212596443 1254.0041218574197 0.34812200478012906 
7003.024706921051 0.14326930946292923 43.780396829884566 1.1664742742251653 3429.772834429851 1252.0573276044909 0.3253220009141053 
