0.151 -3.56468 6 
0.16087 4.6642 1 
0.16461 -3.46595 5 
0.06429 -1.94726 7 
0.015 5.12774 3 
0.064 -0.87079 3 
0.13858 4.53983 2 
0.1202 -1.57277 5 
0.164 -2.52513 2 
0.02425 4.93003 4 
0.148 -3.51395 7 
0.152 -3.0727 4 
0.164 -3.23059 3 
0.02143 5.0189 2 
0.028 4.79827 4 
0.133 -2.04145 4 
0.045 4.95522 3 
0.12344 -1.69621 5 
0.152 -2.5506 3 
0.05409 -1.20062 4 
0.057 -1.3158 6 
0.144 -2.64122 4 
0.063 -1.54303 4 
0.135 -2.69578 7 
0.06 -1.2113 5 
0.14174 -2.78128 7 
0.151 -2.81926 5 
0.02143 5.15005 1 
0.04615 -0.68785 4 
