0.182 -3.69664 7 
0.2245 -3.93096 5 
0.02608 4.98579 1 
0.2138 -4.25732 6 
0.00714 5.1493 1 
0.19346 4.54968 2 
0.08748 -2.52779 6 
0.04 -0.98691 3 
0.168 4.82438 2 
0.04365 -2.02101 3 
0.17 -2.93634 4 
0.01798 4.96065 3 
0.025 4.84904 4 
0.04 -1.79234 5 
0.19163 -3.46842 3 
0.00937 5.12512 2 
0.04 -1.48388 4 
0.191 -4.11763 6 
0.22018 -3.82899 5 
0.173 -3.20202 6 
0.17579 4.73733 2 
0.01116 4.99782 2 
0.02143 5.05368 1 
0.17 -3.05459 5 
0.04179 -1.81687 3 
0.17434 -3.51949 5 
0.01829 5.10444 1 
0.19162 4.67854 2 
0.19176 4.5548 2 
0.191 -3.71844 5 
