0.18417 -4.24476 7 
0.199 -3.84757 5 
0.02614 5.00434 3 
0.12838 -2.6687 7 
0.0331 5.13011 2 
0.0735 5.0903 1 
0.04923 -0.866 6 
0.124 4.53732 3 
0.07276 -1.73039 4 
0.11948 -2.26568 5 
0.1069 4.65571 2 
0.1897 -2.8076 3 
0.165 -3.18675 4 
0.18602 4.58714 2 
0.18463 -4.09086 6 
0.07219 4.85451 2 
0.15 -3.09321 5 
0.198 -3.53638 5 
0.139 -2.53923 4 
0.04 4.55776 3 
0.164 -3.16294 5 
0.135 -3.09219 6 
0.1735 -3.90681 6 
0.17466 -4.07493 6 
0.18252 -4.10078 7 
0.02957 4.96888 3 
0.12893 -2.80117 6 
0.125 -2.4024 3 
0.11997 -2.28856 6 
0.12838 -2.60281 6 
