6996.51978465077 0.13938657509137375 43.93627026903812 1.0054869748631845 2995.254381124954 1626.9625984036052 0.3257934730226078 
6994.403993618316 0.14075930249426657 36.788214960415864 1.1956195675802332 3463.671138791679 1282.0556260539086 0.34879169667125565 
6843.286019246762 0.14382195548105853 37.86426844765955 1.1374574396627926 3436.8899447199983 1315.8054926982081 0.34880210254598326 
6995.677993490455 0.1395145364204753 43.93562114112592 0.998312271663617 2995.0281348291373 1568.31394072671 0.3219845924981299 
6994.501840966053 0.1430907029647729 44.03163917736348 1.1287219187221982 2999.745075848632 1357.5995813238762 0.32583593611129624 
6994.791427337742 0.13965147367597155 41.810381312062674 1.0608858641338375 2995.0180593856076 1368.9396492071303 0.3487752134842991 
7282.076217184253 0.1518265186173711 41.12394974443965 1.0025153375514169 3146.107787325466 1655.460584274873 0.31100585341294723 
6968.725664390466 0.1393644118521218 36.81783071334682 1.1374574396627926 3436.8899447199983 1315.8054926982081 0.3499360924613327 
6993.40696309378 0.1469273457256919 42.622470051425225 1.0103887914662422 2991.7274677265714 1600.9856735102062 0.31072411620191215 
6994.379802312313 0.1381889409229837 42.577621744106615 1.192838041674492 3477.0430039685502 1281.989887209793 0.3259040286256154 
6995.677993490455 0.1395145364204753 43.93562114112592 1.0216999805359805 2995.0281348291373 1568.5109166631712 0.31781327504489976 
6994.893118977368 0.14045626952403353 42.6230344390262 1.0103700343075108 2994.950226757769 1600.9856735102062 0.3106555951142186 
6995.677993490455 0.13938999333456384 43.93562114112592 0.998312271663617 2995.024021913779 1571.0552028220673 0.3258208905132334 
6843.286019246762 0.14409634463789606 36.82017827203854 1.1374574396627926 3436.8899447199983 1315.8054926982081 0.34880210254598326 
6995.6817774003 0.1383076751045517 40.60551356095625 1.1287219187221982 2999.745075848632 1315.4789126751255 0.3248912463479823 
6994.501840966053 0.1381718659898195 44.03163917736348 1.0798259418885103 2999.620934025518 1391.8811396744425 0.3246414183556038 
6994.501840966053 0.1430907029647729 40.65134876962067 1.1287219187221982 2999.745075848632 1357.5995813238762 0.32583434474261846 
7062.772394363533 0.13936854264609158 40.65134876962067 1.137368855912179 2999.745075848632 1357.5995813238762 0.34998019298102934 
6996.447139150052 0.14751419246705008 41.810381312062674 1.1151313670940086 3031.360488509074 1364.855740114595 0.347847485349462 
6991.964938258662 0.13830726643670485 40.60551356095625 1.0833984455995331 3001.69859687934 1376.9056812702165 0.32583434474261846 
7007.286517087406 0.13935693612318165 44.21841324638047 1.1374089200812978 3450.2100191032478 1310.7103686221687 0.3496457234810845 
6994.791427337742 0.1396627846420257 41.810381312062674 1.0608858641338375 2995.0180593856076 1365.3677856086108 0.3487752134842991 
6863.410631035669 0.13951490562647548 43.93562114112592 0.998312271663617 2995.0281348291373 1568.5109166631712 0.3256303241198352 
6994.9035453858105 0.1393644118521218 44.164890257275744 1.1325796021514958 3425.6287010158558 1325.6192785456146 0.3495886239965229 
7003.304920827108 0.1430907029647729 44.05104398089263 1.1277109746811316 2999.745075848632 1392.9354286314913 0.32583428251024343 
6994.9034138200295 0.1393644118521218 38.545390921432855 1.1374574396627926 3425.6287010158558 1357.7066282866806 0.3495886239965229 
6995.992670807104 0.13935935486684622 37.02515645346321 1.130346603432624 3001.319517902922 1316.4540687506671 0.34860881285179407 
7007.171798622858 0.1393644118521218 40.59210960715578 1.1373822600540067 3450.2100191032478 1316.5264308798387 0.3496067244398061 
6995.677993490455 0.1404488862622597 43.93562114112592 0.9983205210052695 2916.958316177988 1600.9376564867646 0.3106698217465561 
7027.674961367793 0.1393644118521218 38.545390921432855 1.1374574396627926 3425.6287010158558 1363.9127343380703 0.3495886239965229 
