0.09634 4.61317 7 
0.29848 -5.00503 6 
0.19222 4.53319 1 
0.31466 -4.1531 3 
0.02143 5.13977 3 
0.02143 5.21035 2 
0.16922 -1.26993 2 
0.19222 -2.96447 2 
0.27464 -4.49483 6 
0.28318 -4.98538 7 
0.04445 4.90465 4 
0.30391 -4.60464 5 
0.05995 4.8171 6 
0.03102 5.18163 1 
0.06674 4.80276 5 
0.31343 -4.28507 4 
0.11595 -2.27097 7 
0.177 -3.58179 4 
0.15371 -3.15952 4 
0.166 -1.82401 3 
0.132 -1.57649 6 
0.07692 4.96396 3 
0.17029 -2.84321 3 
0.08892 4.65314 3 
0.19046 -4.07177 4 
0.142 -1.67522 6 
0.10503 4.55318 6 
0.14831 -1.53809 3 
0.29843 -4.20979 5 
0.19222 -3.85231 3 
