0.294 -3.02607 6 
0.09023 5.03057 6 
0.09111 4.68751 7 
0.104 5.52531 5 
0.18271 -3.11494 7 
0.14286 -2.66207 7 
0.1525 4.69291 5 
0.10901 5.42247 5 
0.12774 -0.91149 6 
0.18432 -3.70348 7 
0.10714 4.70078 6 
0.189 -1.14778 5 
0.27857 -4.01912 7 
0.30725 -4.21219 7 
0.24286 4.90559 4 
0.12161 5.29385 4 
0.087 4.87819 7 
0.15006 5.13546 5 
0.16369 -2.29021 6 
0.06577 5.21275 7 
0.27857 -2.6024 5 
0.12195 4.57492 7 
0.08 5.01777 7 
0.12753 4.53861 6 
0.07415 5.04078 7 
0.09951 4.88351 6 
0.23882 -3.88144 7 
