6502.625150299262 0.16452950808779573 31.064358391021774 0.9977797006057244 3351.3011298843476 1251.3520091691755 0.33962698511402145 
7631.641273609317 0.14458316621958842 44.62047924949875 1.011764730731181 3036.6748621607953 1600.0794590481628 0.33381170473366395 
6472.715338541992 0.14529069748818407 42.1922163579708 1.077794688781346 3273.3283403004198 1415.2544822876584 0.31946426090500085 
7518.623275359322 0.14509137472374056 43.9802902382973 0.8958358035305447 2823.199924495274 1535.808058721526 0.3246192022362999 
7235.53112196174 0.13597984587147444 37.318340959009106 1.1403877691883753 3290.9215254638966 1266.806153175201 0.3497637304393345 
6114.206218795957 0.15980569409494422 39.71967209753274 1.1158711158319738 3030.531123303684 1338.9912648487893 0.33854501769570666 
7559.437625712559 0.1365714763589345 37.2904095386375 1.0365430250502325 3180.8608531223163 1319.1003063384428 0.3256736212743989 
6451.825723334 0.13268185305386704 44.52343900382505 0.9112574503133748 2702.0893440566406 1718.9705355419428 0.3241522776927769 
6110.897439237535 0.15122226154609825 44.59870102246191 1.0902468568639097 3047.1241744481913 1351.9993387892694 0.3482200220242811 
7084.258815841076 0.11984076268826838 35.89024881829734 1.1766677082247026 3083.179647802301 1268.1735949391907 0.34959716831908966 
6841.330884606574 0.12538760158981982 46.26072206516881 0.984922059365722 2915.3029547085866 1407.563718051317 0.3478495065327263 
7220.6997538417245 0.14027020459888334 49.68411846246506 1.1894586443866673 3000.137895194695 1665.8257726595384 0.3008144502910534 
7772.271939635605 0.17943639153615362 40.11191424399243 1.130793177514471 3440.631340058357 1279.6352364115085 0.3424599525714414 
7358.690527725888 0.1775327780416624 30.48082411128426 1.092579179649275 3159.6481864763955 1250.3309282108091 0.34001364107441656 
6708.472879074468 0.17380609004687383 44.50644996012609 1.1593907280607403 2728.8144683900027 1546.1616977322 0.32460956599534757 
6784.692939998675 0.13864814939314457 48.75178761036105 1.0086104760090666 2635.1709281387657 1548.9742826142376 0.3378750380157806 
7083.1132328006315 0.1289849776262772 44.80882432593801 1.08693971236782 3240.6419487391536 1656.4265700998005 0.334636053110266 
7715.8741419488215 0.13718813493255147 45.572734413912315 1.0038954599965972 3143.4149258841408 1782.5895733509865 0.3187230829081478 
7959.022652532301 0.14366334701932165 41.16252119490232 1.1583782134064065 2797.9418809459507 1296.275572921531 0.32456527420193265 
7167.6139516045305 0.1485909584728753 46.51610873327342 0.9691222189786534 2802.69385082633 1620.5249116844248 0.31971210833555036 
6443.06084175981 0.17946292602904562 35.81332662994694 1.012896757539932 3035.6549584271593 1297.4553138353024 0.32575575351607644 
6468.293390033764 0.15570540416750378 49.36556571022038 0.9473588767490547 3212.9001088967166 1628.8281469552162 0.3115890361801647 
6871.289955304597 0.14511338168110882 44.610611065301576 1.079717096643575 2881.787738958298 1513.3034381390883 0.3228895069371238 
6154.545077432225 0.13860683887577907 39.72936363517164 1.1236200153598068 3136.3947039546433 1352.332928099506 0.30855984439659107 
7519.062843553098 0.1456424218422089 46.72543169722573 1.017001995112786 3130.113718491055 1636.4752233444606 0.33033884842447064 
7646.408531727983 0.13921034430631038 41.34355861915417 0.9812150840301085 2818.4037355674795 1704.2369713068852 0.30998745315542126 
6788.347575589232 0.148854615940094 33.49202687136135 1.157135603108797 3443.450801177147 1292.4126084502054 0.32991807328157613 
