7313.204471087303 0.1561430638699567 41.547299069872494 1.1372449301026992 3238.600061919192 1347.6109083967538 0.315908714951434 
7230.041534741754 0.14728754497532218 47.172644176136075 0.9851477933138668 2720.433169127718 1448.6193339965141 0.3244411924891129 
7226.3203910742695 0.1386461341354644 39.474709046166836 1.1698678053653018 3165.208178015653 1292.194239919272 0.3238570340879869 
6961.86608193955 0.14311604641609776 43.27598015815583 1.0114776980366316 3338.2122696078477 1510.0901720362933 0.30774596001518206 
6679.602716236508 0.13702150367844776 41.24462911604666 1.0676813342327942 3126.8378534792596 1587.7642934825344 0.3104687311614028 
6232.682336550492 0.13767992007809238 41.52961700061594 0.8918439732534019 3103.956328932506 1385.4498676081912 0.3151586630487893 
7636.315712972975 0.13859653630916274 43.626434840787525 1.0432703741611224 2833.7329276280434 1566.3747930846475 0.31398966745180057 
6005.3582601997605 0.15240846624087628 36.58216813585926 1.1465166185831923 3480.429878421051 1260.446595041052 0.34189869939835826 
7616.74180236557 0.15530184926720036 37.292762123548684 1.1540970152749934 3215.8066936315045 1335.4323043040074 0.30725459819734313 
7642.501222296911 0.16204477061075082 44.47846832442011 1.1687179268 2515.578376930388 1314.446686753052 0.3370687572332658 
6483.620307755873 0.1399624729946911 44.35398961177572 0.9679493019935339 3176.3693312687283 1632.545698345475 0.32385635671666296 
7217.943796569003 0.14143821310926794 37.28934134765415 1.0640161652743063 3360.3711895116503 1400.112631765097 0.3312923984821836 
6697.56588077547 0.1292443318015165 47.42158020706849 0.9596638028985718 3223.6758248034216 1569.2640443413093 0.34704582199807 
6369.484544445301 0.15756092755576404 49.33393036850735 1.121742881832229 3296.180715824299 1674.729052233578 0.3040453976211456 
6647.875071031656 0.13922011749339597 41.257421703031746 1.1011655357412762 3144.3821407948926 1582.8055991815268 0.3188611957566673 
7401.19488363825 0.13871972993909254 42.600456579309416 1.0622342517946086 2708.131039824459 1572.110085875228 0.33247916672583694 
7326.820666078295 0.16491583023902073 40.24107228449881 1.1887034360753055 3379.630371907179 1257.136629380492 0.325727856443626 
6626.553769742025 0.14786859748382936 49.06144939203065 1.0423930548531608 3145.609427424477 1389.4958667425935 0.3496830313950483 
7083.420102021408 0.14307045805821778 42.691460870320256 0.9370656330812281 2736.1134148305464 1457.9390591008512 0.33566663001150115 
6959.870537407262 0.1434871583427746 50.716214626621976 1.1369923996132283 3477.1508780404 1461.4930347708005 0.3433913203753622 
6726.861341656455 0.1419904848445712 44.23759675234825 1.0882989856361756 3366.9991196748924 1625.3388048619836 0.3238059832838796 
7143.10757540074 0.1447572261273225 36.606317483034026 1.1432965882130617 2694.315468857464 1295.6590390918934 0.33906730799333906 
