6868.681574207468 0.13314438995522943 43.86740885236105 1.1112292935845711 2838.7832306233936 1444.322659424252 0.3272220740865071 
7550.270572324664 0.13356774506548483 39.265487977800845 0.9151617920939182 2711.003365114134 1468.7015055409825 0.3173237198887157 
7551.809508887734 0.16223664708192004 43.640874236793316 1.197237759537538 2686.186481887596 1275.5141762667583 0.31850108331423244 
6990.057034263789 0.13131271159875857 39.332503459861094 1.0109956764200683 2865.326406911465 1542.713620800639 0.3430525191230745 
6936.457076526689 0.15231896360395314 45.423621733431744 1.110318147344913 3081.1976259555713 1413.231671598191 0.3310978014282536 
6470.373835943907 0.12933151377066762 41.24550151677525 0.993940288119396 2988.374082509822 1559.240700727964 0.3041503724587162 
7899.784895324478 0.15198952903416013 45.80452409858784 1.127405202462356 3166.914461021111 1346.5253831607924 0.3219764467790476 
6607.016968978887 0.1371914237908614 43.83748804638712 0.9953844110674359 3414.406417904791 1625.3962817903673 0.32523677502166526 
6911.625399795744 0.14234215451873458 45.310862821392014 1.0011040608720205 2793.5709984545624 1515.1762386759576 0.3013459862990369 
6805.3928482714055 0.13913898640633826 30.159506074751743 1.1876865272900607 2828.4280791360743 1331.377428864142 0.32411080973279194 
6470.374802818292 0.16615088287336133 36.49489045362159 1.0785379627348792 3315.9382245950524 1279.3801015830493 0.3079951738566894 
6706.657875634483 0.17164030952246628 34.758327393612745 1.1641492289699975 3185.466093240041 1290.0042442498368 0.34033914650736463 
6288.673080100404 0.15869297897745765 43.90912955319478 1.1408189698265219 3038.8066571457293 1359.3310879131552 0.3261273070738209 
7442.42414354155 0.16481004117068798 47.125910440890436 1.1027611368334291 3053.5770053181695 1272.3842579671796 0.33838727430111726 
6915.31163393565 0.15222850669419238 42.154387380391775 1.091393417580314 3084.8698271549697 1331.186203710421 0.3252858736227981 
6297.962441236211 0.13935403636037452 49.55677170700716 1.0729040616544985 3233.5509317054566 1403.2877604579433 0.3477570734627069 
6807.8964356744755 0.15471799133757555 43.64033201176875 0.9630914646980866 3062.267875332656 1345.7342335536196 0.3072649623312923 
7290.24951331889 0.16081694276463904 36.905635212260854 1.052120948363594 3214.1205333537046 1358.7283604187865 0.3328767123125196 
7417.993855406372 0.14586251522306856 44.03548803077822 1.0369586143418215 2956.5847942855194 1612.5940020869516 0.32742746861436034 
6464.481334838421 0.14035167764716114 39.78156926473927 1.1342687901402448 2657.6400842132725 1552.506986645948 0.3481831813496002 
