6967.57676974632 0.13236260189945592 44.247063646372766 1.0129894468251432 2778.074460993603 1654.5137226625575 0.3473404449191876 
6126.837372093405 0.15079486216380342 46.65416705612928 1.1110912736646048 3307.0711268421437 1376.4475894782456 0.3412562164700321 
7007.509265280283 0.17588559971896772 42.57187891327628 1.1286708920106436 3305.4521988032943 1284.9048389327863 0.32553038241395554 
6659.254048294405 0.17174721344780614 30.80193310534008 1.1503156240684616 3368.0892526081307 1339.448520038367 0.3261167263935366 
7214.521866486521 0.13837044672412452 39.083886032415556 1.1007591926139553 3311.9744425522467 1435.8210674451875 0.3142657223587151 
6604.266398052657 0.13785068478405368 43.61106064023354 1.1150595867873498 3109.9841389445705 1442.5202835069408 0.34466896030603705 
7532.594618498759 0.17856422315506532 33.09110443481629 1.190298206507415 3023.6605653386405 1293.7898972970108 0.3255794942381187 
6879.439746464041 0.16422378538662175 42.44351394232027 1.1907710975674317 3430.0322083402925 1423.2037317306986 0.3257327751233517 
6704.110447612615 0.15427003290836713 44.447903410438144 1.0078206989263647 2930.944030001344 1424.405478139626 0.3009878728850167 
7530.856805341426 0.1654366412939074 40.59793315881835 1.1767253241400795 2899.644373201743 1284.5311546694288 0.3488527046605292 
7851.500262973908 0.1373059516721693 56.2364100464917 0.9879755904974112 3200.5508614775727 1309.3871315919696 0.3255555916126805 
6612.403480823609 0.14676327160269687 42.80398049246463 0.9883864086979584 3080.070024138331 1486.5135326765717 0.30885521280696443 
6690.390863959691 0.15927695859193566 42.73376002888185 1.0060853157958822 3041.266569125985 1523.9369359234784 0.3095698368422603 
7683.794384308254 0.15365454423057057 37.839790842304744 1.1096962863329363 2914.583115475935 1354.2230701978237 0.320312644402459 
6275.850603959691 0.13031329537697173 44.6556953292489 1.1025885081047244 3302.220637237333 1408.8616511378173 0.34791155093759146 
6579.969958183386 0.16312305250004566 40.21689899427868 1.1730208323243438 3333.3597585534385 1404.9975237633425 0.3265834163934808 
6891.00490889236 0.13923866687427236 39.63270392357494 1.1670768003516432 2532.700116112926 1273.3219914096244 0.32776281977769633 
6640.604619050494 0.14234029230680878 41.630915871398535 1.0743528096777577 3142.9278174818073 1293.4121102106956 0.33012034874888124 
