0.14523 5.26918 4 
0.162 -2.12066 5 
0.29211 -4.10623 7 
0.067 5.27655 6 
0.18452 -2.95075 6 
0.13571 -1.06158 7 
0.10784 4.75287 6 
0.189 -3.54516 6 
0.16853 -3.09205 7 
0.07485 5.20582 6 
0.15181 -2.23542 7 
0.14357 -1.4002 7 
0.12593 5.102 5 
0.143 -1.03449 6 
0.179 -3.69221 7 
0.05538 5.18957 7 
0.13986 4.6466 6 
0.12875 4.76223 5 
0.10673 4.64472 7 
0.13302 4.6667 5 
0.157 -2.70155 6 
0.27505 -2.14192 5 
0.07901 5.00269 6 
0.09924 5.12167 5 
0.15191 -2.27807 7 
0.071 4.78704 7 
0.09795 4.94339 6 
0.13299 4.58334 7 
0.12732 5.04864 5 
