6136.506694000842 0.15550975750791055 43.427621520873814 0.9847528465951123 2929.132707939275 1775.099544201178 0.3251412116548654 
6560.46182616284 0.1598141884173984 43.91471300478896 1.1619398102927214 2957.5106636250775 1348.9088748357517 0.3247870511093488 
6021.45665329818 0.1624493462147251 31.146895807556348 1.1775258325393299 3083.67359991987 1267.6984622836708 0.3047491495585163 
6904.572610326924 0.13720123571264045 41.95900653892031 0.9328063565540909 2853.018610952723 1455.257907912956 0.3102035096618187 
6363.906433040871 0.16275903710528172 42.32008116745586 1.0904450855475132 3126.690701100349 1263.9940134404296 0.32410392766386387 
7623.059671798699 0.1594098696638256 40.35732998920276 0.9662002740538054 3382.699255420298 1492.4326899246305 0.3124496833319395 
6245.14489500515 0.15425238260736612 45.71449362142323 1.1057739542480949 2877.2252191170573 1508.3266802122748 0.3256081307895505 
7024.0888452707795 0.1429786348041486 42.66447698843997 1.1894195717126692 3354.8168838743914 1270.7846790910928 0.3441695182044705 
7667.2843145708985 0.16135458121099658 38.9499530841282 1.129234227834853 3287.28507836721 1288.7736278167094 0.3267420823914181 
6797.002723825214 0.13249397783225497 42.54025679945208 1.0341539739005912 2775.4561072260003 1438.535159366445 0.3241760330698709 
6855.668575753724 0.1516628981534508 37.67434940445929 1.1225592673131073 2887.2303898779537 1314.6894265383746 0.3295186859508588 
7768.334638901259 0.15923327244269597 50.31702681327977 1.0186673806886266 2931.936363264268 1535.354127985496 0.3102360217149158 
7120.269305698567 0.14299931463416643 44.04841669444602 1.0884480839081148 2838.953020457731 1745.1982795526671 0.32199912638765205 
6351.42201355137 0.15868862494680763 41.12429024334821 1.143088959461041 3376.198710040978 1371.5943184988007 0.3250596485283067 
6893.465010822256 0.1491678800106851 36.18919215736093 1.1793754092069182 3460.6138519623373 1297.8703274478974 0.3399964411015185 
7014.040359400574 0.1471137724756835 42.67506809345782 0.9751436948698411 3070.7934422891794 1607.9804605634051 0.3071468420681025 
6311.154457554342 0.1390160894876324 48.69251423049133 1.0659041632333905 3173.7049592520625 1333.221847654825 0.3411643682954981 
6643.430076120865 0.14334835002336987 49.665250692974965 0.9940549856982714 3348.789560868018 1453.056676319302 0.3092743880547369 
6957.482614802058 0.15064300552915666 39.304022722073555 1.0902329057176676 2965.1244492344154 1498.1805376790246 0.34387206034346784 
7006.061955760344 0.13844449723894603 49.853370476594804 0.952719409383972 3335.454700221062 1753.1953876227053 0.3146977874593142 
6541.060480437052 0.15438223570268556 44.52706195912385 1.156949199293844 3217.350099081552 1332.713748017861 0.30611420435815323 
6550.244013547263 0.1417068867502915 31.897929667064073 1.0992017944516221 3001.928181959332 1334.1315512709766 0.3406062129528262 
7394.734175460167 0.14799834826380015 45.270395053161906 0.9906941250991063 3063.354009660621 1672.4668116377989 0.3491679432525226 
6305.312695189873 0.13824111758259486 47.21770732186623 0.9954382742734096 3220.011764529917 1531.0231974480284 0.3401091776558396 
7668.955908068881 0.15453435681295763 37.31614690055313 1.0576546043674235 3080.9055503137756 1330.7451923874773 0.33554938885942687 
6833.476196859249 0.14639473994406618 40.92758505088689 0.9292615934100058 3177.973711465487 1454.3177002271414 0.3108943263542069 
6314.339236372752 0.13147208696310142 44.54289788298098 1.0279278270272731 3106.955123515512 1500.061607858269 0.344904795776381 
7419.427008713223 0.1540652774461747 49.29988880141647 1.070231159292112 3398.9837680193614 1505.8050226674352 0.30734330857566156 
6292.06561070218 0.1379288859409409 49.601831289009326 1.067498314067722 3087.2270529561188 1384.4209853661591 0.3251333738447588 
