6830.0577814578355 0.1553356498365222 45.91624047710897 1.1007557499305347 3083.2023540528944 1487.4521758760989 0.3072567025050858 
6969.017642298553 0.126894329016558 42.824230081701685 0.9004705710867148 3310.5394656099334 1546.0005921324037 0.31675612208670423 
7379.017711680961 0.14240273510940865 46.156176583736524 0.9128713342557737 3149.8534103794436 1606.736530249452 0.3160916612271302 
6591.222390999128 0.15592998200972233 43.287551821995045 1.1058128825983724 3215.485149801139 1507.2817894124228 0.3054432378058243 
6902.302981371174 0.13802018175794425 43.63483682045198 0.8988622827048571 2691.1413663556746 1552.1540761340163 0.3312689971740883 
6460.8727488431905 0.1398266923842885 48.50829751223996 1.141991497622684 3084.6992679287496 1286.0847332627418 0.3341863873295621 
6360.717659410467 0.13008536697588546 44.528534409692384 0.9076884851858068 3031.2204414142293 1503.823473992016 0.3248049919967656 
7282.365022034062 0.13526200339663325 48.14970807120439 1.0661724894316271 3157.617021215875 1647.3144036181793 0.3058477048788315 
7431.187212999234 0.13248682533009803 46.75300304727287 0.9960453028039502 2870.2834497180866 1497.7465618518434 0.34946737582668574 
6904.486582627889 0.13194194523502248 44.268606927290875 0.9407384635318772 3195.357100322969 1588.7799783473251 0.34962150241221834 
7242.607655590303 0.13824993348394904 44.013426371291494 1.136162278156129 3009.305307361815 1360.1960850021949 0.30577844264982684 
7002.6976955447935 0.1512782549204198 36.48956775372307 1.1489917867124817 3183.3985888738916 1416.7647417121786 0.32375370566639294 
7091.299985658406 0.14197130552427328 45.39193050221432 1.010065963242113 3303.8439610267155 1374.318839913589 0.33700547982800433 
6677.490977290219 0.1473104511441142 43.6211117520846 0.9662351573934767 3029.097074143554 1484.2249016574515 0.3191540995154017 
7045.779033125808 0.1554675999691224 44.509112572246565 1.1182578752540937 3274.8400394068935 1551.3496112010275 0.3193206137445698 
7085.765008412582 0.1415675634570052 48.84173868217795 1.148056070483894 3427.160530377886 1267.5059174571275 0.3467823243748856 
7382.202034391956 0.1410354881135691 44.351996565071445 0.9220429013902349 3264.613349703615 1387.3804169529976 0.32541475635447803 
6514.141844304252 0.12109395729337875 44.191127519717995 1.1078921286011794 3266.021664304742 1276.3467555344098 0.33044056730879595 
7511.764162345228 0.16005342483421578 50.43187212207623 1.1440435533370759 3463.1781103498975 1310.8300676660956 0.3328701629590487 
