7588.231093015398 0.14396965728020852 39.704128432201266 0.9374645244055905 3071.9698913088023 1507.8946385977176 0.3132983130288539 
6761.899758952425 0.1642336684650911 50.64621322620985 1.1888388765456397 3392.811458836334 1272.0000654642938 0.3241612374754358 
7487.501232597526 0.15366698224349054 46.4762835891932 0.9020092675606188 3365.6939152921373 1391.8159694011795 0.312579736356357 
7764.2320510690115 0.15100691012248182 43.742768290643035 1.0251009664447597 3177.181767491181 1385.671533670365 0.3403513640018571 
6675.697167416792 0.1589069908352921 46.242776411727505 1.19931767869038 3074.4977534823474 1348.3366189681797 0.3427685091172883 
7081.752808148111 0.14906038830103563 48.7746488959 1.155316579410484 3196.7937466145872 1287.3656458452524 0.33769240026428776 
7534.652229847328 0.13753974506649164 35.42106214967345 1.164923164776159 3334.7660373300523 1254.6235947602063 0.33387504911702887 
7122.099431007835 0.17663177109377637 34.83430922028314 1.188026161616709 2681.36386077497 1278.1511061449564 0.30745688173719193 
6384.544386445995 0.13907104506575896 50.29703401292032 0.9903510290182214 3025.3599880882402 1451.8915303506806 0.31224712707780544 
6298.407356302307 0.14880961205390528 44.25350358711164 1.016213090174733 2772.074461269984 1604.1957452247814 0.30792941306547367 
6983.128549533336 0.15716673785342394 46.95514581496762 1.1598419781584624 3103.6423477237327 1273.8463422849932 0.30559063398675457 
6603.138891991982 0.14005924476296233 46.13662861906288 1.0835974277711244 2962.990926805108 1313.561049495709 0.3242439947783459 
7196.273143703523 0.14278043072606428 44.3461950170925 1.126140819035645 3094.6148364495484 1479.593780743326 0.3075452033272585 
6868.970671830078 0.14964504752972344 43.43444577600602 1.1111746173510832 3394.9411937532113 1446.211848773949 0.3388825863719255 
7226.653464237222 0.1454964198825 42.399298079590956 1.056201699555324 3103.866311129334 1405.4023456419689 0.34846361066958037 
7305.559301801529 0.14211899647973414 32.941250889672354 1.00650846495122 3214.4508017870735 1293.0453797733278 0.33965114435731664 
6886.568545890539 0.13404730839780088 45.88812396107758 1.0656575387921914 3138.558541334166 1615.4606938967077 0.32495632233431027 
6451.56595661312 0.16016967677935084 47.646720521368266 1.1377648817336952 3380.128924127133 1411.3237166447607 0.325092705390969 
6770.830773632767 0.1246051460086346 48.335267618707526 0.9878498411913583 3168.542693670111 1641.3049379283846 0.3308875561044702 
7405.6716534572415 0.13999621749318533 44.34596523331397 1.1266199944793187 3151.349495280687 1458.9196536329687 0.3353673408195124 
6604.79646336329 0.16589204802533988 34.96749714141643 1.1813576847848832 3317.007019205633 1253.6865182633428 0.30528317822112633 
7231.366438671628 0.1399131884908315 44.01144977875664 1.0059057453572156 2923.325362481811 1674.5889849711439 0.3076797713012488 
7730.168435436317 0.1409499465105403 46.36041694541028 0.8798495242755462 3190.2967941488027 1481.784149567698 0.3139587776277081 
6742.1988358735925 0.13999210829309572 43.00786261200372 0.8805733243620533 2726.293779553993 1612.018901354038 0.31557544634333534 
