7683.239063047319 0.16082313553352046 44.388609329519824 1.1477063961718161 3261.746914628253 1253.9530234677272 0.3400392495292619 
7708.092072468333 0.13520590987921544 41.025074094309595 1.1264263961418397 3195.407858131397 1357.8526005206047 0.34678351013373276 
7682.588324800624 0.13756049180870572 44.099941556756654 1.1466188255080536 3432.574510488091 1329.0307090339277 0.33930152865877905 
7715.150138679787 0.13759306015090222 40.866839382132206 1.1265609157164471 3423.2762823652897 1341.8770821214498 0.3470094048049654 
7754.635066915996 0.14205664830886577 41.025074094309595 1.1264263961418397 3290.77636066505 1350.9953988305924 0.34678351013373276 
7732.824807358569 0.13757637724336275 36.78823663010562 1.1231138276466057 3456.758353869932 1295.5701166373767 0.34684087656030416 
7686.345110589581 0.14200309132292657 36.962041131472645 1.1733830740609346 3261.746914628253 1282.0735163462805 0.33524314490697205 
7715.150138679787 0.16361576510407003 40.866839382132206 1.1714253123871192 3425.989591579305 1341.8770821214498 0.3470094048049654 
7734.3824223127085 0.13756030737540695 44.265953893819365 1.1231327545261907 3423.045886641419 1327.1133760219038 0.33930152865877905 
7620.966261414564 0.1618886218466512 37.000965441771214 1.1225581220242498 3457.2341773534217 1282.2271966862759 0.3400362922669728 
7733.590193554288 0.16361576510407003 41.058788064556104 1.1721676618924146 3450.7885185917885 1339.419091928174 0.3488935314213445 
7734.3824223127085 0.13756049180870572 44.1000330724627 1.1265593302292591 3423.045886641419 1327.4196910948028 0.33930152865877905 
7715.150138679787 0.1360304144655567 41.025074094309595 1.1264263961418397 3429.664372849365 1341.8770821214498 0.34678351013373276 
7313.769419114365 0.13805172684570052 44.32492940712724 0.9912199889524207 3031.6320830001196 1488.6384104060674 0.31295413896289714 
7683.239063047319 0.13714693388761406 44.388609329519824 1.1479021028924992 2998.5829433119693 1253.9530234677272 0.3106545251519596 
7717.5287366743105 0.1390133821990327 41.025074094309595 1.1260140752233545 3029.820180805729 1357.8526005206047 0.34710754432837865 
7715.961372114448 0.16117940250844384 40.735514412131465 1.1470690273718642 3250.23025267313 1341.7443617645033 0.3400392495292619 
7347.983288026171 0.13804791509411837 44.40584972563952 0.9937913117097604 2998.673298376336 1472.5584060989058 0.3118750732569378 
7355.406998517517 0.13807078003178375 44.41323736513458 0.9911202658655793 3472.018723355218 1304.167582826802 0.3118750732569378 
7159.622779482581 0.1416512569603222 44.32482264388407 0.9911234400039887 2998.673298376336 1488.4906091243433 0.31237193321775136 
7808.936167380522 0.1614523248485127 36.504084068131085 1.1359364981302866 3368.532779232505 1276.6915060401245 0.33524314490697205 
7135.011275698278 0.13659177786986074 44.32476734400081 0.9911166602921173 2999.0157388093503 1488.4906091243433 0.31765563128696317 
7253.449845262602 0.14206688716746027 44.40696400638042 0.9932221367037835 3170.2470331079517 1452.6648254611243 0.3127812699616485 
